 0.060000
   4.9603e-04
 0.062000
   5.0654e-04
 0.064000
   5.4313e-04
 0.066000
   5.5979e-04
 0.068000
   5.7235e-04
 0.070000
   5.8289e-04
 0.072000
   5.9236e-04
 0.074000
   6.0090e-04
 0.076000
   6.0881e-04
 0.078000
   6.1647e-04
 0.080000
   6.2359e-04
 0.082000
   6.3021e-04
 0.084000
   6.3669e-04
 0.086000
   6.4284e-04
 0.088000
   6.4881e-04
 0.090000
   6.5455e-04
 0.092000
   6.6017e-04
 0.094000
   6.6559e-04
 0.096000
   6.7095e-04
 0.098000
   6.7601e-04
 0.10000
   6.8108e-04
 0.10200
   6.8599e-04
 0.10400
   6.9081e-04
 0.10600
   6.9554e-04
 0.10800
   7.0016e-04
 0.11000
   7.0469e-04
 0.11200
   7.0911e-04
 0.11400
   7.1349e-04
 0.11600
   7.1829e-04
 0.11800
   7.2245e-04
 0.12000
   7.2665e-04
 0.12200
   7.3075e-04
 0.12400
   7.3481e-04
 0.12600
   7.3877e-04
 0.12800
   7.4277e-04
 0.13000
   7.4658e-04
 0.13200
   7.5042e-04
 0.13400
   7.5414e-04
 0.13600
   7.5790e-04
 0.13800
   7.6161e-04
 0.14000
   7.6520e-04
 0.14200
   7.6890e-04
 0.14400
   7.7246e-04
 0.14600
   7.7597e-04
 0.14800
   7.7935e-04
 0.15000
   7.8283e-04
 0.15200
   7.8627e-04
 0.15400
   7.8964e-04
 0.15600
   7.9295e-04
 0.15800
   7.9629e-04
 0.16000
   7.9957e-04
 0.16200
   8.0278e-04
 0.16400
   8.0601e-04
 0.16600
   8.0919e-04
 0.16800
   8.1229e-04
 0.17000
   8.1594e-04
 0.17200
   8.1904e-04
 0.17400
   8.2216e-04
 0.17600
   8.2521e-04
 0.17800
   8.2821e-04
 0.18000
   8.3113e-04
 0.18200
   8.3416e-04
 0.18400
   8.3713e-04
 0.18600
   8.4004e-04
 0.18800
   8.4297e-04
 0.19000
   8.4583e-04
 0.19200
   8.4861e-04
 0.19400
   8.5150e-04
 0.19600
   8.5432e-04
 0.19800
   8.5707e-04
 0.20000
   8.5992e-04
 0.20200
   8.6262e-04
 0.20400
   8.6533e-04
 0.20600
   8.6806e-04
 0.20800
   8.7079e-04
 0.21000
   8.7346e-04
 0.21200
   8.7605e-04
 0.21400
   8.7875e-04
 0.21600
   8.8136e-04
 0.21800
   8.8390e-04
 0.22000
   8.8655e-04
 0.22200
   8.8911e-04
 0.22400
   8.9168e-04
 0.22600
   8.9429e-04
 0.22800
   8.9669e-04
 0.23000
   8.9932e-04
 0.23200
   9.0176e-04
 0.23400
   9.0430e-04
 0.23600
   9.0667e-04
 0.23800
   9.0925e-04
 0.24000
   9.1164e-04
 0.24200
   9.1479e-04
 0.24400
   9.1712e-04
 0.24600
   9.1956e-04
 0.24800
   9.2191e-04
 0.25000
   9.2429e-04
 0.25200
   9.2667e-04
 0.25400
   9.2897e-04
 0.25600
   9.3137e-04
 0.25800
   9.3371e-04
 0.26000
   9.3604e-04
 0.26200
   9.3838e-04
 0.26400
   9.4064e-04
 0.26600
   9.4290e-04
 0.26800
   9.4520e-04
 0.27000
   9.4748e-04
 0.27200
   9.4969e-04
 0.27400
   9.5190e-04
 0.27600
   9.5413e-04
 0.27800
   9.5635e-04
 0.28000
   9.5860e-04
 0.28200
   9.6075e-04
 0.28400
   9.6292e-04
 0.28600
   9.6509e-04
 0.28800
   9.6727e-04
 0.29000
   9.6936e-04
 0.29200
   9.7156e-04
 0.29400
   9.7367e-04
 0.29600
   9.7578e-04
 0.29800
   9.7791e-04
 0.30000
   9.8004e-04
